Webots Project File version R2023b
perspectives: 000000ff00000000fd000000020000000100000278000002ebfc0200000001fb0000001400540065007800740045006400690074006f00720100000016000002eb0000008700ffffff0000000300000780000000d9fc0100000001fb0000001a0043006f006e0073006f006c00650041006c006c0041006c006c0100000000000007800000006900ffffff00000506000002eb00000001000000020000000100000008fc00000000
simulationViewPerspectives: 000000ff000000010000000200000100000005620100000002010000000100
sceneTreePerspectives: 000000ff00000001000000030000001e000002d6000000fa0100000002010000000200
maximizedDockId: -1
centralWidgetVisible: 1
orthographicViewHeight: 1
textFiles: 1 "controllers/soccer-ball/soccer-ball.py" "controllers/goalie/goalie.py" "controllers/supervisor/supervisor.py"
consoles: Console:All:All
renderingDevicePerspectives: ROBOTIS OP2:Camera;1;1;0;0
renderingDevicePerspectives: ROBOTIS OP3:Camera;0;0.671296;0.0153424;0
